      1 100
      1 101
      1 102
      1 106
      1 107
      1 108
      1 109
      1 110
      1 116
      1 127
      1 128
      1 130
      1 141
      1 143
      1 144
      1 147
      1 172
      1 188
      1 194
      1 199
      1 200
      1 209
      1 229
      1 234
      1 235
      1 249
      1 284
      1 289
      1 324
      1 388
      1 392
      1 50
      1 51
      1 57
      1 59
      1 60
      1 61
      1 67
      1 71
      1 75
      1 77
      1 78
      1 83
      1 84
      1 87
      1 88
      1 92
      2 121
      2 192
      2 45
      2 46
      2 56
      2 65
      2 68
      2 69
      2 76
      2 79
      2 81
      2 82
      2 90
      3 41
      3 43
      3 52
      3 54
      3 72
      3 73
      4 37
      4 39
      4 49
      5 53
      5 62
      5 64
      5 95
      6 31
      6 33
      6 34
      6 35
      6 47
      6 63
      6 96
      7 44
      7 48
      8 38
      9 26
      9 29
      9 32
     10 30
     10 42
     11 36
     11 80
     12 28
     20 27
     21 21
     21 25
     24 23
     34 40
     37 19
     43 22
     44 20
     48 17
     50 18
     61 24
     81 15
     88 14
    100 13
    101 12
    171 11
    232 10
    260 9
    337 16
    501 7
    767 6
   1202 8
   1287 5
  20305 3
  26104 4
  94701 2
 879722 1
